1_1_Boise -116.149136 43.529396	326 178 243.750000 43.035227  7.74823 7.58457 7.75819 7.99365 11.678	326 178 243.750000 43.035227  11.8022 13.7167 22.5887 22.3918 21.6339 26.7736 32.0368 40.5988 46.5782	df_used dperiod1 dperiod2 dperiod3 dperiod4 dperiod5 dperiod6 dperiod7 dperiod8 dperiod9
2_1_Manassas -77.503845 38.750829	378 171 282.750000 37.796162  13.2247 11.9103 10.9431 12.4477 12.095	378 171 282.750000 37.796162  23.6034 20.6159 20.5656 25.1841 32.9641 37.6712 45.9766 47.2761 51.7231	
3_1_Singapore_Hqs 103.864621 1.31839	139 121 103.500000 0.374220  6.51541 6.115 7.12079 7.9598 12.3841	139 121 103.500000 0.374220  26.7783 26.0845 41.6682 51.4371 63.827 70.6232 71.0293 82.4231 86.7739	
4_1_Singapore_300mm_DRAM 103.767569 1.432186	139 121 103.500000 0.374220  6.51541 6.115 7.12079 7.9598 12.3841	139 121 103.500000 0.374220  26.7783 26.0845 41.6682 51.4371 63.827 70.6232 71.0293 82.4231 86.7739	
5_1_Singapore_300mm_NAND 103.793645 1.454831	139 121 103.500000 0.374220  6.51541 6.115 7.12079 7.9598 12.3841	139 121 103.500000 0.374220  26.7783 26.0845 41.6682 51.4371 63.827 70.6232 71.0293 82.4231 86.7739	
6_1_Singapore_200mm_NOR 103.866405 1.37479	139 121 103.500000 0.374220  6.51541 6.115 7.12079 7.9598 12.3841	139 121 103.500000 0.374220  26.7783 26.0845 41.6682 51.4371 63.827 70.6232 71.0293 82.4231 86.7739	
7_1_Catania 14.99 37.421801	21 170 15.000000 37.047724  12.1667 10.4587 9.37246 12.0437 10.8974	21 170 15.000000 37.047724  20.344 24.8787 33.4878 32.3562 48.5492 55.5408 65.1947 73.9963 82.3389	
8_1_Bangalore 77.623906 12.982352	104 137 77.250000 12.349245  4.04319 6.27931 6.47214 9.85289 10.4159	104 137 77.250000 12.349245  20.9763 19.3842 25.2439 46.0165 48.2516 63.8035 65.9566 75.0626 77.0526	
9_2_American_Falls -112.8764 42.7778	330 177 246.750000 42.286790  7.67547 6.99177 7.60239 8.05002 11.796	330 177 246.750000 42.286790  13.1163 15.6886 26.1204 28.032 24.8362 31.8945 38.1695 49.8516 55.3968	
10_2_Bliss -115.070986 42.913786	328 177 245.250000 42.286790  7.75752 7.63061 7.98588 8.26711 11.7983	328 177 245.250000 42.286790  12.7323 14.7015 24.8061 25.2938 23.6598 30.0329 35.0754 45.252 50.9335	
11_2_Brownlee -116.8975 44.8367	325 179 243.000000 43.783665  7.8938 7.62063 7.50273 7.9169 11.4015	325 179 243.000000 43.783665  10.926 13.1142 21.3851 20.0102 20.1001 25.6785 29.5723 38.3545 43.9219	
12_2_C_J_Strike -115.977858 42.944869	326 177 243.750000 42.286790  7.35569 7.60281 7.53879 7.74671 11.8661	326 177 243.750000 42.286790  11.6102 14.8111 23.8195 23.4045 22.5101 28.4988 34.1439 43.6093 50.6316	
13_2_Cascade_Dam -116.0483 44.5256	326 179 243.750000 43.783665  7.72036 7.51154 7.21983 7.80021 11.4472	326 179 243.750000 43.783665  11.2276 13.5524 22.5626 20.9954 20.4291 27.0752 31.2145 40.653 46.5789	
14_2_Clear_Lake -114.78012 42.66701	328 177 245.250000 42.286790  7.75752 7.63061 7.98588 8.26711 11.7983	328 177 245.250000 42.286790  12.7323 14.7015 24.8061 25.2938 23.6598 30.0329 35.0754 45.252 50.9335	
15_2_Lower_Malad -114.906172 42.865783	328 177 245.250000 42.286790  7.75752 7.63061 7.98588 8.26711 11.7983	328 177 245.250000 42.286790  12.7323 14.7015 24.8061 25.2938 23.6598 30.0329 35.0754 45.252 50.9335	
16_2_Lower_Salmon -114.903611 42.841608	328 177 245.250000 42.286790  7.75752 7.63061 7.98588 8.26711 11.7983	328 177 245.250000 42.286790  12.7323 14.7015 24.8061 25.2938 23.6598 30.0329 35.0754 45.252 50.9335	
17_2_Salmon_Diesel -113.885307 45.183368	329 180 246.000000 44.532103  8.23148 7.16401 6.99988 8.6683 11.6448	329 180 246.000000 44.532103  11.4452 12.5655 24.0389 22.6672 20.5667 27.733 35.0741 43.3894 49.3729	
18_2_Shoshone_Falls -114.4033 42.5975	328 176 245.250000 41.538352  7.49273 7.25633 7.09155 7.6909 12.0041	328 176 245.250000 41.538352  12.4041 15.2218 26.1193 26.9364 24.0986 30.2243 37.5121 47.7706 54.9599	
19_2_Swan_Falls -116.3791 43.2435	326 177 243.750000 42.286790  7.35569 7.60281 7.53879 7.74671 11.8661	326 177 243.750000 42.286790  11.6102 14.8111 23.8195 23.4045 22.5101 28.4988 34.1439 43.6093 50.6316	
20_2_Thousand_Springs -114.836722 42.740542	328 177 245.250000 42.286790  7.75752 7.63061 7.98588 8.26711 11.7983	328 177 245.250000 42.286790  12.7323 14.7015 24.8061 25.2938 23.6598 30.0329 35.0754 45.252 50.9335	
21_2_Twin_Falls_(ID) -114.3553 42.5892	329 176 246.000000 41.538352  7.3375 7.01914 7.31958 7.72439 11.9099	329 176 246.000000 41.538352  13.0616 16.0159 26.7496 28.1145 25.5764 31.4562 38.6902 49.8776 56.4929	
22_2_Upper_Salmon_A -114.924692 42.767422	328 177 245.250000 42.286790  7.75752 7.63061 7.98588 8.26711 11.7983	328 177 245.250000 42.286790  12.7323 14.7015 24.8061 25.2938 23.6598 30.0329 35.0754 45.252 50.9335	
23_2_Upper_Malad -114.885542 42.864267	328 177 245.250000 42.286790  7.75752 7.63061 7.98588 8.26711 11.7983	328 177 245.250000 42.286790  12.7323 14.7015 24.8061 25.2938 23.6598 30.0329 35.0754 45.252 50.9335	
24_2_Hells_Canyon -116.7008 45.2439	325 180 243.000000 44.532103  7.13679 7.41066 6.37096 7.76478 11.5397	325 180 243.000000 44.532103  10.0225 13.3334 22.4806 20.0102 19.416 26.856 30.8867 40.7353 45.8106	
25_2_Oxbow_(OR) -116.835042 44.971643	325 180 243.000000 44.532103  7.13679 7.41066 6.37096 7.76478 11.5397	325 180 243.000000 44.532103  10.0225 13.3334 22.4806 20.0102 19.416 26.856 30.8867 40.7353 45.8106	
26_2_Upper_Salmon_B -114.908236 42.766397	328 177 245.250000 42.286790  7.75752 7.63061 7.98588 8.26711 11.7983	328 177 245.250000 42.286790  12.7323 14.7015 24.8061 25.2938 23.6598 30.0329 35.0754 45.252 50.9335	
27_2_Milner_Hydro -114.036889 42.526786	329 176 246.000000 41.538352  7.3375 7.01914 7.31958 7.72439 11.9099	329 176 246.000000 41.538352  13.0616 16.0159 26.7496 28.1145 25.5764 31.4562 38.6902 49.8776 56.4929	
28_2_Evander_Andrews_Power_Complex -115.734315 43.179176	327 177 244.500000 42.286790  7.73918 7.94071 7.84016 8.13052 11.8116	327 177 244.500000 42.286790  12.0757 14.5375 24.3671 24.6092 23.3588 29.3201 34.4181 44.4851 49.756	
29_2_Bennett_Mountain -115.666637 43.147153	327 177 244.500000 42.286790  7.73918 7.94071 7.84016 8.13052 11.8116	327 177 244.500000 42.286790  12.0757 14.5375 24.3671 24.6092 23.3588 29.3201 34.4181 44.4851 49.756	
30_2_Langley_Gulch_Power_Plant -116.819722 43.904444	325 178 243.000000 43.035227  7.50186 7.60271 7.58472 7.81126 11.5217	325 178 243.000000 43.035227  11.5556 13.5247 21.9588 21.9264 21.1684 26.3077 30.9686 39.8328 45.8392	
31_3_Boise -116.3253437 43.658527	326 178 243.750000 43.035227  7.74823 7.58457 7.75819 7.99365 11.678	326 178 243.750000 43.035227  11.8022 13.7167 22.5887 22.3918 21.6339 26.7736 32.0368 40.5988 46.5782	
32_3_Colorado_Springs -104.849597 38.9201781	341 172 255.000000 38.544600  6.8078 7.13751 7.24635 8.15945 12.6196	341 172 255.000000 38.544600  18.8944 20.5045 35.3181 39.3395 35.9809 41.7763 49.1768 65.8388 71.9905	
33_3_Corvallis -123.2450786 44.5854276	317 179 237.000000 43.783665  7.8947 8.01243 6.94471 8.6113 11.044	317 179 237.000000 43.783665  8.70754 10.4321 18.1267 15.7976 12.7071 17.1089 21.3573 27.0727 30.8337	
34_3_Cupertino -122.0327049 37.321732	318 169 237.750000 36.299285  6.21396 10.4209 7.93191 7.47285 12.5872	318 169 237.750000 36.299285  12.1284 10.3194 30.5612 34.4652 28.8382 48.0108 57.4805 69.6719 76.6402	
35_3_Houston -95.8236304 29.8128657	353 159 264.000000 28.814901  10.6525 8.38898 9.27158 9.51353 12.9579	353 159 264.000000 28.814901  18.9181 27.0515 34.5266 45.9579 44.9855 55.5954 65.1158 71.6961 77.712	
36_3_Palo_Alto -122.1679636 37.4276363	318 170 237.750000 37.047724  5.41021 11.561 7.73089 7.30451 12.7743	318 170 237.750000 37.047724  12.6498 11.0598 34.3679 41.2005 33.5224 56.6331 66.6522 77.9093 84.3907	
37_3_Plano -96.8055583 33.0430197	352 164 263.250000 32.557094  8.21484 7.23742 6.96327 8.45834 11.505	352 164 263.250000 32.557094  14.2916 16.7292 25.2157 33.3392 30.5298 35.8548 47.12 59.9827 67.0082	
38_3_Roseville -121.3208949 38.7856002	319 171 238.500000 37.796162  8.57 9.73668 8.90848 8.90519 11.8323	319 171 238.500000 37.796162  12.2135 13.7964 20.0689 20.9136 21.5543 24.7471 32.7206 40.514 44.0322	
39_3_San_Bernadino -117.3939088 34.2112961	324 165 242.250000 33.305532  8.70527 11.4139 7.64957 7.78345 12.9542	324 165 242.250000 33.305532  16.9722 13.0848 36.3891 43.9623 37.0275 52.0076 61.2324 73.5318 79.299	
40_3_Dublin -6.4846805 53.3728178	472 191 353.250000 52.764910  15.1846 15.1506 12.4202 13.1359 11.7541	472 191 353.250000 52.764910  21.0307 28.1442 26.0944 28.1397 41.5929 47.6329 52.0496 58.0629 54.7942	
41_3_Puerto_Rico -67.1121777 18.486511	392 144 293.250000 17.588318  4.699 7.00901 6.53475 6.71135 14.4619	392 144 293.250000 17.588318  36.0386 58.1442 76.1532 91.268 97.7819 99.0415 99.589 99.8086 100	
42_3_Barcelona_Sant_Cugat 2.0603031 41.4918967	4 175 2.250000 40.789914  17.8711 14.1656 12.4118 13.888 11.8397	4 175 2.250000 40.789914  36.6375 49.7921 56.2425 55.7573 75.6869 85.3261 90.828 95.5669 98.0288	
43_3_Rehovot 34.8032196 31.9158052	47 162 34.500000 31.060216  9.61005 9.39953 9.29985 9.50747 10.3743	47 162 34.500000 31.060216  13.3616 15.85 17.5539 22.1484 25.6041 32.8219 39.099 47.3591 52.7416	
44_3_Singapore_DRD 103.7995975 1.2765481	139 121 103.500000 0.374220  6.51541 6.115 7.12079 7.9598 12.3841	139 121 103.500000 0.374220  26.7783 26.0845 41.6682 51.4371 63.827 70.6232 71.0293 82.4231 86.7739	
45_3_San_Diego -117.2904943 32.9066098	325 163 243.000000 31.808655  7.66504 10.1002 7.2479 7.78516 12.5637	325 163 243.000000 31.808655  15.4397 11.9353 33.4586 40.7045 33.8225 47.2461 55.7291 67.9739 75.247	
