"RPhist100_rcp85_2010" "RPhist100_rcp85_2020" "RPhist100_rcp85_2030" "RPhist100_rcp85_2040" "RPhist100_rcp85_2050" "RPhist100_rcp85_2060" "RPhist100_rcp85_2070" "RPhist100_rcp85_2080" "RPhist100_rcp85_2090"
0 0 0 0 0 0 0 0 0
0 0 0 0 0 0 0 0 0
0 0 0 0 0 0 0 0 0
76.3655523276908 56.0257740757367 36.1375247162076 20.5597837823966 10.3684593213872 4.79165653376136 2.18269629337497 NA NA
76.3655523276908 56.0257740757367 36.1375247162076 20.5597837823966 10.3684593213872 4.79165653376136 2.18269629337497 NA NA
76.2240400436499 55.8029369740195 35.8866519446266 20.3417299417601 10.2102987657101 4.70837563989013 2.13319055082399 NA NA
37.4908245007169 14.0723407641714 4.43066844515444 NA NA NA NA NA NA
0 0 0 0 0 0 0 0 0
0 0 0 0 0 0 0 0 0
0 0 0 0 0 0 0 0 0
0 0 0 0 0 0 0 0 0
0 0 0 0 0 0 0 0 0
0 0 0 0 0 0 0 0 0
0 0 0 0 0 0 0 0 0
0 0 0 0 0 0 0 0 0
0 0 0 0 0 0 0 0 0
0 0 0 0 0 0 0 0 0
0 0 0 0 0 0 0 0 0
0 0 0 0 0 0 0 0 0
0 0 0 0 0 0 0 0 0
0 0 0 0 0 0 0 0 0
0 0 0 0 0 0 0 0 0
0 0 0 0 0 0 0 0 0
0 0 0 0 0 0 0 0 0
0 0 0 0 0 0 0 0 0
0 0 0 0 0 0 0 0 0
0 0 0 0 0 0 0 0 0
0 0 0 0 0 0 0 0 0
0 0 0 0 0 0 0 0 0
0 0 0 0 0 0 0 0 0
0 0 0 0 0 0 0 0 0
0 0 0 0 0 0 0 0 0
0 0 0 0 0 0 0 0 0
0 0 0 0 0 0 0 0 0
0 0 0 0 0 0 0 0 0
83.9580232982664 39.8968927710969 16.7972695806085 6.39598065739164 2.43768290359917 NA NA NA NA
0 0 0 0 0 0 0 0 0
0 0 0 0 0 0 0 0 0
0 0 0 0 0 0 0 0 0
0 0 0 0 0 0 0 0 0
0 0 0 0 0 0 0 0 0
0 0 0 0 0 0 0 0 0
66.3539365001971 12.096863549789 2.07852810797687 NA NA NA NA NA NA
0 0 0 0 0 0 0 0 0
46.7614636345694 17.788124746448 5.83518843932486 NA NA NA NA NA NA
0 0 0 0 0 0 0 0 0
53.2491545941937 12.4405424290869 2.74915405469002 NA NA NA NA NA NA
0 0 0 0 0 0 0 0 0
0 0 0 0 0 0 0 0 0
0 0 0 0 0 0 0 0 0
0 0 0 0 0 0 0 0 0
54.9381325589118 32.7628420529128 17.5071927811215 8.44644442993708 3.87940880917662 NA NA NA NA
0 0 0 0 0 0 0 0 0
0 0 0 0 0 0 0 0 0
0 0 0 0 0 0 0 0 0
77.4529526879741 51.95888471879 32.8021983609983 19.536344941091 10.9915459516676 5.95235851302628 3.24417980565683 NA NA
