1_1_Boise -116.149136 43.529396	25 41	-116.25 43.75 0.1 0.6 0.2 0.3 0.7 0.6 0.8 0.9 0.8 0.7	df_used dperiod1 dperiod2 dperiod3 dperiod4 dperiod5 dperiod6 dperiod7 dperiod8 dperiod9
2_1_Manassas -77.503845 38.750829	40 39	-78.75 38.75 0.1 0 0 0.4 0.3 0.2 0.2 0.3 0.5 0.3	
3_1_Singapore_Hqs 103.864621 1.31839	113 24	103.75 1.25 0.1 0.1 0.2 0.2 0.2 0.2 0.2 0.1 0 0	
4_1_Singapore_300mm_DRAM 103.767569 1.432186	113 24	103.75 1.25 0.1 0.1 0.2 0.2 0.2 0.2 0.2 0.1 0 0	
5_1_Singapore_300mm_NAND 103.793645 1.454831	113 24	103.75 1.25 0.1 0.1 0.2 0.2 0.2 0.2 0.2 0.1 0 0	
6_1_Singapore_200mm_NOR 103.866405 1.37479	113 24	103.75 1.25 0.1 0.1 0.2 0.2 0.2 0.2 0.2 0.1 0 0	
7_1_Catania 14.99 37.421801	77 38	13.75 36.25 0.1 0.4 0.4 0.2 0.8 0.7 0.9 1 1 1	
8_1_Bangalore 77.623906 12.982352	103 29	78.75 13.75 0.1 0.4 0.1 0.4 0.2 0 0.1 0 0 0	
9_2_American_Falls -112.8764 42.7778	26 41	-113.75 43.75 0.1 0.7 0.2 0.3 0.7 0.7 0.6 0.7 0.8 0.9	
10_2_Bliss -115.070986 42.913786	25 41	-116.25 43.75 0.1 0.6 0.2 0.3 0.7 0.6 0.8 0.9 0.8 0.7	
11_2_Brownlee -116.8975 44.8367	25 41	-116.25 43.75 0.1 0.6 0.2 0.3 0.7 0.6 0.8 0.9 0.8 0.7	
12_2_C_J_Strike -115.977858 42.944869	25 41	-116.25 43.75 0.1 0.6 0.2 0.3 0.7 0.6 0.8 0.9 0.8 0.7	
13_2_Cascade_Dam -116.0483 44.5256	25 41	-116.25 43.75 0.1 0.6 0.2 0.3 0.7 0.6 0.8 0.9 0.8 0.7	
14_2_Clear_Lake -114.78012 42.66701	26 41	-113.75 43.75 0.1 0.7 0.2 0.3 0.7 0.7 0.6 0.7 0.8 0.9	
15_2_Lower_Malad -114.906172 42.865783	26 41	-113.75 43.75 0.1 0.7 0.2 0.3 0.7 0.7 0.6 0.7 0.8 0.9	
16_2_Lower_Salmon -114.903611 42.841608	26 41	-113.75 43.75 0.1 0.7 0.2 0.3 0.7 0.7 0.6 0.7 0.8 0.9	
17_2_Salmon_Diesel -113.885307 45.183368	26 42	-113.75 46.25 0.1 0.3 0.2 0.3 0.7 0.5 0.7 0.9 0.8 0.5	
18_2_Shoshone_Falls -114.4033 42.5975	26 41	-113.75 43.75 0.1 0.7 0.2 0.3 0.7 0.7 0.6 0.7 0.8 0.9	
19_2_Swan_Falls -116.3791 43.2435	25 41	-116.25 43.75 0.1 0.6 0.2 0.3 0.7 0.6 0.8 0.9 0.8 0.7	
20_2_Thousand_Springs -114.836722 42.740542	26 41	-113.75 43.75 0.1 0.7 0.2 0.3 0.7 0.7 0.6 0.7 0.8 0.9	
21_2_Twin_Falls_(ID) -114.3553 42.5892	26 41	-113.75 43.75 0.1 0.7 0.2 0.3 0.7 0.7 0.6 0.7 0.8 0.9	
22_2_Upper_Salmon_A -114.924692 42.767422	26 41	-113.75 43.75 0.1 0.7 0.2 0.3 0.7 0.7 0.6 0.7 0.8 0.9	
23_2_Upper_Malad -114.885542 42.864267	26 41	-113.75 43.75 0.1 0.7 0.2 0.3 0.7 0.7 0.6 0.7 0.8 0.9	
24_2_Hells_Canyon -116.7008 45.2439	25 42	-116.25 46.25 0.1 0.2 0.1 0.3 0.5 0.4 0.5 0.7 0.4 0.4	
25_2_Oxbow_(OR) -116.835042 44.971643	25 41	-116.25 43.75 0.1 0.6 0.2 0.3 0.7 0.6 0.8 0.9 0.8 0.7	
26_2_Upper_Salmon_B -114.908236 42.766397	26 41	-113.75 43.75 0.1 0.7 0.2 0.3 0.7 0.7 0.6 0.7 0.8 0.9	
27_2_Milner_Hydro -114.036889 42.526786	26 41	-113.75 43.75 0.1 0.7 0.2 0.3 0.7 0.7 0.6 0.7 0.8 0.9	
28_2_Evander_Andrews_Power_Complex -115.734315 43.179176	25 41	-116.25 43.75 0.1 0.6 0.2 0.3 0.7 0.6 0.8 0.9 0.8 0.7	
29_2_Bennett_Mountain -115.666637 43.147153	25 41	-116.25 43.75 0.1 0.6 0.2 0.3 0.7 0.6 0.8 0.9 0.8 0.7	
30_2_Langley_Gulch_Power_Plant -116.819722 43.904444	25 41	-116.25 43.75 0.1 0.6 0.2 0.3 0.7 0.6 0.8 0.9 0.8 0.7	
31_3_Boise -116.3253437 43.658527	25 41	-116.25 43.75 0.1 0.6 0.2 0.3 0.7 0.6 0.8 0.9 0.8 0.7	
32_3_Colorado_Springs -104.849597 38.9201781	30 39	-103.75 38.75 0.1 0.2 0.3 0.5 0.3 0.6 0.6 0.7 0.4 0.8	
33_3_Corvallis -123.2450786 44.5854276	22 41	-123.75 43.75 0.1 0.5 0.6 0.4 0.7 0.7 1 1 0.9 0.7	
34_3_Cupertino -122.0327049 37.321732	23 38	-121.25 36.25 0.1 0.3 0.3 0.1 0.1 0.1 0.4 0.4 0.3 0.6	
35_3_Houston -95.8236304 29.8128657	33 35	-96.25 28.75 0.1 0.3 0.4 0.6 0.5 0.5 0.4 0.6 0.7 0.8	
36_3_Palo_Alto -122.1679636 37.4276363	23 38	-121.25 36.25 0.1 0.3 0.3 0.1 0.1 0.1 0.4 0.4 0.3 0.6	
37_3_Plano -96.8055583 33.0430197	33 37	-96.25 33.75 0.1 0.5 0.4 0.6 0.3 0.6 0.1 0.6 0.4 0.6	
38_3_Roseville -121.3208949 38.7856002	23 39	-121.25 38.75 0.1 0.2 0.2 0.3 0.3 0.3 0.7 0.7 0.4 0.6	
39_3_San_Bernadino -117.3939088 34.2112961	25 37	-116.25 33.75 0.1 0.4 0.3 0.2 0.2 0.1 0.4 0.6 0.5 0.5	
40_3_Dublin -6.4846805 53.3728178	69 45	-6.25 53.75 0.1 0.2 0.3 0.3 0.2 0.3 0.3 0.7 0.6 0.3	
41_3_Puerto_Rico -67.1121777 18.486511	45 31	-66.25 18.75 0.1 0.3 0.5 0.6 0.3 0.8 0.8 0.8 0.9 0.9	
42_3_Barcelona_Sant_Cugat 2.0603031 41.4918967	72 40	1.25 41.25 0.1 0.8 0.8 0.7 1 1 1 1 1 1	
43_3_Rehovot 34.8032196 31.9158052	85 36	33.75 31.25 0.1 0.2 0.3 0.6 0.4 0.7 0.9 1 0.9 1	
44_3_Singapore_DRD 103.7995975 1.2765481	113 24	103.75 1.25 0.1 0.1 0.2 0.2 0.2 0.2 0.2 0.1 0 0	
45_3_San_Diego -117.2904943 32.9066098	25 37	-116.25 33.75 0.1 0.4 0.3 0.2 0.2 0.1 0.4 0.6 0.5 0.5	
