z--allDFs--z  dperiod1 dperiod2 dperiod3 dperiod4 dperiod5 dperiod6 dperiod7 dperiod8 dperiod9
z--allDFs--z  -32.463 -15.581 -27.2611 -62.5979 -60.4179 -83.6045 -108.59 -122.739 -129.667
z--allDFs--z  -32.463 -15.581 -25.5505 -59.9561 -58.638 -81.4272 -105.838 -116.664 -122.656
z--allDFs--z  -32.463 -15.581 -26.7678 -61.6532 -59.843 -82.8374 -108.124 -121.096 -129.366
z--allDFs--z  -32.463 -15.581 -26.1393 -60.4487 -58.8026 -82.1256 -106.659 -118.14 -125.313
z--allDFs--z  -42.463 -15.581 -27.2611 -62.5979 -70.4179 -63.6045 -88.5897 -122.739 -149.667
z--allDFs--z  -42.463 -15.581 -27.2611 -62.5979 -70.4179 -63.6045 -88.5897 -122.739 -149.667
z--allDFs--z  -42.463 -15.581 -27.2611 -62.5979 -70.4179 -63.6045 -88.5897 -122.739 -149.667
z--allDFs--z  -7.463 -15.581 -26.8775 -61.2846 -48.8713 -72.4545 -108.589 -120.876 -108.107
z--allDFs--z  -42.463 -15.581 -27.9177 -63.4192 -70.6373 -63.7001 -89.8081 -125.258 -153.694
z--allDFs--z  -32.463 -15.581 -26.7678 -61.6532 -59.843 -82.8374 -108.124 -121.096 -129.366
z--allDFs--z  -52.463 -25.581 -41.1523 -81.1469 -79.405 -101.975 -127.07 -138.086 -145.312
z--allDFs--z  -42.463 -15.581 -27.2611 -62.5979 -70.4179 -63.6045 -88.5897 -122.739 -149.667
z--allDFs--z  -42.463 -15.581 -28.2328 -64.0082 -71.3762 -64.3161 -90.3971 -127.365 -155.227
z--allDFs--z  -42.463 -15.581 -27.2611 -62.5979 -70.4179 -63.6045 -88.5897 -122.739 -149.667
z--allDFs--z  -42.463 -15.581 -27.2611 -62.5979 -70.4179 -63.6045 -88.5897 -122.739 -149.667
z--allDFs--z  -2.463 -15.581 -26.0983 -39.9561 -38.588 -52.016 -86.4953 -78.2223 -94.5446
z--allDFs--z  -32.463 -15.581 -26.0983 -59.9561 -58.588 -82.016 -106.495 -118.222 -124.545
z--allDFs--z  -42.463 -15.581 -27.2611 -62.5979 -70.4179 -63.6045 -88.5897 -122.739 -149.667
z--allDFs--z  -42.463 -15.581 -28.2328 -64.0082 -71.3762 -64.3161 -90.3971 -127.365 -155.227
z--allDFs--z  -32.463 -15.581 -27.0415 -62.2556 -60.2674 -83.248 -108.261 -121.972 -128.49
z--allDFs--z  -32.463 -15.581 -27.0415 -62.2556 -60.2674 -83.248 -108.261 -121.972 -128.49
z--allDFs--z  -10.0189 -20.1494 -54.3761 -49.0876 -55.5046 -60.2117 -90.9811 -128.716 -124.41
z--allDFs--z  -32.463 -15.581 -25.8374 -60.9142 -59.1722 -81.7419 -106.536 -117.403 -124.573
z--allDFs--z  -52.463 -25.581 -41.1523 -81.1469 -79.405 -101.975 -127.07 -138.086 -145.312
z--allDFs--z  -2.463 -20.8333 -47.5171 -34.6207 -66.5784 -70.3643 -100.229 -103.326 -160.724
z--allDFs--z  -22.463 -45.581 -29.858 -59.951 -68.588 -98.588 -111.731 -121.023 -114.151
z--allDFs--z  -7.463 -20.581 -25.1386 -27.1836 -33.0071 -56.5988 -78.5325 -102.159 -145.374
z--allDFs--z  -7.463 -29.1068 -57.1213 -55.9089 -63.5735 -64.1834 -106.168 -139.183 -166.446
z--allDFs--z  -7.463 -20.581 -27.0419 -31.1515 -46.3718 -95.2211 -117.704 -140.396 -189.052
z--allDFs--z  -22.463 -25.581 -52.4658 -31.6206 -63.8529 -36.5154 -88.172 -97.4697 -135.742
z--allDFs--z  -2.463 -15.581 -24.8924 -25.4078 -34.3652 -70.9615 -87.4123 -78.001 -112.766
z--allDFs--z  -12.463 -20.581 -28.0525 -33.9133 -37.1018 -60.5956 -102.284 -121.019 -138.033
z--allDFs--z  -5.8522 -18.6232 -31.5262 -41.3881 -62.415 -69.2112 -82.0813 -113.181 -134.653
z--allDFs--z  -2.9783 -24.6531 -27.9052 -24.0209 -45.1809 -51.2209 -103.102 -115.55 -98.5282
z--allDFs--z  -15.4823 -63.7252 -96.0112 -101.431 -170.375 -173.335 -187.086 -214.037 -225.734
z--allDFs--z  -60.7817 -85.3731 -86.1005 -115.708 -144.275 -161.104 -186.498 -214.069 -231.102
z--allDFs--z  -2.463 -20.581 -67.969 -61.0252 -101.39 -124.999 -150.601 -164.846 -191.476
z--allDFs--z  -5.8522 -18.6232 -31.5262 -41.3881 -62.415 -69.2112 -82.0813 -113.181 -134.653
z--allDFs--z  -12.463 -20.581 -26.5873 -30.6555 -35.4992 -55.8341 -96.7811 -115.461 -133.981
z--allDFs--z  -5.8522 -18.6232 -31.5262 -41.3881 -62.415 -69.646 -97.8962 -143.181 -164.653
z--allDFs--z  -5.8522 -18.6232 -31.5262 -41.3881 -62.415 -69.646 -97.8962 -143.181 -164.653
z--allDFs--z  -5.8522 -18.6232 -31.5262 -41.3881 -62.415 -69.8306 -98.9594 -143.181 -164.653
z--allDFs--z  -12.635 -28.0204 -27.8869 -86.1291 -97.1372 -124.129 -156.247 -181.483 -204.23
z--allDFs--z  -12.9512 -15.581 -32.4799 -35.9675 -46.8396 -62.3915 -77.0086 -102.55 -115.787
z--allDFs--z  -42.463 -15.581 -27.9182 -63.967 -71.0061 -64.5352 -90.1367 -127.339 -154.131
